视频打开成功（自动选择后端）
视频信息:
- 分辨率: 1280x720
- FPS: 60
- 总帧数: 210

开始处理视频帧...
已处理 0/210 帧，检测到 0 个点
Gtk-Message: 10:13:39.874: Failed to load module "canberra-gtk-module"
已处理 30/210 帧，检测到 0 个点
已处理 60/210 帧，检测到 14 个点
已处理 90/210 帧，检测到 14 个点
已处理 120/210 帧，检测到 14 个点
已处理 150/210 帧，检测到 14 个点
已处理 180/210 帧，检测到 14 个点

视频处理完成!
总共检测到 14 个小球位置

开始轨迹拟合...
初始位置: (306.56, 11.9256)
数据点数: 14
iter      cost      cost_change  |gradient|   |step|    tr_ratio  tr_radius  ls_iter  iter_time  total_time
   0  2.568756e+05    0.00e+00    2.34e+03   0.00e+00   0.00e+00  1.00e+04        0    1.57e-05    6.13e-04
   1  1.603683e+05    9.65e+04    2.02e+03   5.81e+02   3.76e-01  9.85e+03        1    5.11e-05    6.73e-04
   2  5.263339e+04    1.08e+05    8.30e+02   9.43e+01   6.74e-01  1.03e+04        1    7.63e-06    6.83e-04
   3  8.928012e+04   -3.66e+04    0.00e+00   1.81e+02  -7.07e-01  5.14e+03        1    2.39e-04    9.25e-04
   4  8.686182e+04   -3.42e+04    0.00e+00   1.78e+02  -6.61e-01  1.29e+03        1    5.70e-05    9.86e-04
   5  7.475487e+04   -2.21e+04    0.00e+00   1.62e+02  -4.27e-01  1.61e+02        1    5.71e-05    1.05e-03
   6  3.470041e+04    1.79e+04    6.47e+02   1.04e+02   3.47e-01  1.56e+02        1    5.80e-06    1.06e-03
   7  1.290259e+04    2.18e+04    3.30e+02   6.09e+01   6.52e-01  1.61e+02        1    5.32e-06    1.06e-03
   8  1.395544e+03    1.15e+04    2.67e+01   1.99e+02   1.00e+00  4.82e+02        1    5.21e-06    1.07e-03
   9  1.383058e+03    1.25e+01    1.98e+01   5.37e-01   1.11e-02  2.49e+02        1    1.79e-05    1.09e-03
  10  1.374376e+03    8.68e+00    1.30e+01   5.28e-01   9.41e-03  1.28e+02        1    1.50e-05    1.11e-03
  11  1.370198e+03    4.18e+00    7.91e+00   3.99e-01   6.20e-03  6.53e+01        1    1.09e-05    1.12e-03
  12  1.369345e+03    8.52e-01    6.37e+00   1.11e+00   1.92e-03  3.28e+01        1    7.19e-06    1.13e-03
  13  3.271885e+03   -1.90e+03    0.00e+00   1.67e+01  -6.74e+00  1.64e+01        1    4.57e-05    1.18e-03
  14  1.885525e+03   -5.16e+02    0.00e+00   8.48e+00  -2.87e+00  4.10e+00        1    4.58e-05    1.23e-03
  15  1.407640e+03   -3.83e+01    0.00e+00   3.41e+00  -4.29e-01  5.13e-01        1    5.05e-05    1.28e-03
  16  1.364975e+03    4.37e+00    1.06e+01   1.81e+00   1.29e-01  3.64e-01        1    5.83e-06    1.29e-03
  17  1.362654e+03    2.32e+00    1.16e+01   9.30e-01   8.67e-02  2.33e-01        1    5.80e-06    1.30e-03
  18  1.360971e+03    1.68e+00    1.14e+01   4.87e-01   8.78e-02  1.49e-01        1    5.53e-06    1.31e-03
  19  1.359781e+03    1.19e+00    1.10e+01   2.81e-01   9.04e-02  9.62e-02        1    5.51e-06    1.32e-03
  20  1.358973e+03    8.08e-01    1.06e+01   1.71e-01   9.13e-02  6.22e-02        1    9.80e-06    1.33e-03
  21  1.358438e+03    5.36e-01    1.03e+01   1.07e-01   9.13e-02  4.02e-02        1    5.53e-06    1.34e-03
  22  1.358087e+03    3.51e-01    1.01e+01   6.80e-02   9.10e-02  2.60e-02        1    5.47e-06    1.35e-03
  23  1.357858e+03    2.28e-01    9.92e+00   4.35e-02   9.07e-02  1.68e-02        1    5.53e-06    1.35e-03
  24  1.357710e+03    1.48e-01    9.82e+00   2.79e-02   9.05e-02  1.08e-02        1    5.46e-06    1.36e-03
  25  1.357615e+03    9.57e-02    9.75e+00   1.79e-02   9.03e-02  6.99e-03        1    5.38e-06    1.37e-03
  26  1.357553e+03    6.18e-02    9.71e+00   1.15e-02   9.02e-02  4.51e-03        1    5.40e-06    1.38e-03
  27  1.357513e+03    3.99e-02    9.68e+00   7.42e-03   9.01e-02  2.91e-03        1    5.55e-06    1.39e-03
  28  1.357487e+03    2.57e-02    9.66e+00   4.78e-03   9.00e-02  1.87e-03        1    5.43e-06    1.40e-03
  29  1.357471e+03    1.66e-02    9.65e+00   3.08e-03   9.00e-02  1.21e-03        1    5.50e-06    1.40e-03
  30  1.357460e+03    1.07e-02    9.64e+00   1.98e-03   8.99e-02  7.78e-04        1    5.56e-06    1.41e-03
  31  1.357453e+03    6.89e-03    9.63e+00   1.28e-03   8.99e-02  5.01e-04        1    5.51e-06    1.42e-03
  32  1.357449e+03    4.44e-03    9.63e+00   8.23e-04   8.99e-02  3.23e-04        1    5.46e-06    1.43e-03
  33  1.357446e+03    2.86e-03    9.63e+00   5.31e-04   8.99e-02  2.08e-04        1    5.55e-06    1.44e-03
  34  1.357444e+03    1.85e-03    9.63e+00   3.42e-04   8.99e-02  1.34e-04        1    5.53e-06    1.44e-03

Ceres Solver Report: Iterations: 35, Initial cost: 2.568756e+05, Final cost: 1.357444e+03, Termination: CONVERGENCE

=== 弹道拟合结果 ===
初始水平速度 vx0: 35.3707 px/s
重力加速度 g: 103.913 px/s²
阻力系数 k: 0.01 1/s

=== 拟合误差分析 ===
帧 0 (t=0.566667s): 误差 = 20.2629 像素
帧 1 (t=0.583333s): 误差 = 18.7339 像素
帧 2 (t=0.6s): 误差 = 14.9453 像素
帧 3 (t=0.616667s): 误差 = 11.8831 像素
帧 4 (t=0.633333s): 误差 = 9.19149 像素
... (共 14 个点)
平均误差: 12.3075 像素
最大误差: 22.3687 像素

=== 精度验证 ===
参考距离: 306.792 像素
3%误差阈值: 9.20377 像素
拟合失败 (平均误差>3%)

=== 轨迹预览 ===
前5个点坐标:
点 0: (306.56, 11.9256)
点 1: (308.673, 11.6628)
点 2: (313.02, 11.7178)
点 3: (316.701, 11.3952)
点 4: (320.039, 10.9867)

程序执行完成!

